%YAML:1.0
---
camera_matrix: !!opencv-matrix
   rows: 3
   cols: 3
   dt: d
   data: [ 571.26065976792211, 0., 296.34796287140972, 0.,
       607.09914831547246, 245.57027437586694, 0., 0., 1. ]
dist_coeff: !!opencv-matrix
   rows: 1
   cols: 5
   dt: d
   data: [ -0.43188245814673704, 3.1921843040666129,
       -0.028876984580082497, 0.03894076355471017, -6.1751961469986503 ]
reprojection_error: 1.5059747850198861
image_width: 640
image_height: 480
